GREEN
428 -794
715 -968
-1463
1075 978
1029 -568 1130 -568 1231 -568 1332 -568
0 3 0 0 0 0 1 0 0
18
9 0 825
7 0 660
0 0 495
0 0 330
1 0 165
0 0 0
0 0 -165
1 0 -330
1 0 -495
0 0 -660
1 0 -825
1 0 -990
2 0 -1155
1 0 -1320
7 0 -1485
2 0 -1650
3 0 -1815
6 0 -1980
26
UFO 1 930 697 0.6
Mouse  708 685 0.6
Mouse  164 685 0.6
Moon  1149 355 0.6
Moon  1461 190 0.6
Mouse  536 190 0.6
SeaWheet  496 190 0.6
Moon  1402 25 0.6
Mouse  1154 25 0.6
Moon  396 -140 0.6
SeaWheet  916 -140 0.6
Mouse  112 -470 0.6
Ghost  195 -622 0.6
Mouse  -94 -635 0.6
SeaWheet  1223 -635 0.6
SeaWheet  1196 -800 0.6
Moon  330 -965 0.6
SeaWheet  1037 -965 0.6
Bird  590 -1130 0.6
Ghost  909 -1290 0.6
Mouse  626 -1295 0.6
SeaWheet  1345 -1295 0.6
Mouse  644 -1460 0.6
Ghost  -378 -1623 0.6
Ant  451 -1625 0.6
Bird  230 -1790 0.6
